m:12
ms:10
bl:43
s1:1
s2:1
state:56
m1:
0 0 0 0 0 0 0 0 0 0 0 0 0 0 0 0 0 0 
0 0 0 0 0 0 2 0 0 0 1 0 0 0 0 0 0 0 
0 0 0 0 2 0 0 0 2 0 2 0 0 0 0 0 0 0 
0 0 2 0 2 0 0 0 2 0 2 0 0 0 0 0 0 0 
0 0 0 0 0 0 0 0 0 0 2 0 0 0 0 0 0 0 
0 0 0 0 0 0 2 0 0 0 0 0 0 0 0 0 0 0 
0 0 0 0 0 0 0 0 0 0 0 0 0 0 0 0 0 0 
0 0 0 2 0 2 0 2 0 0 0 0 0 0 0 0 0 0 
0 0 0 2 0 0 0 2 0 0 0 0 0 0 0 0 0 0 
0 0 0 2 0 0 0 0 0 0 0 0 0 0 0 0 0 0 
0 0 0 2 0 0 0 2 2 2 0 0 0 0 0 0 0 0 
0 0 0 0 0 0 0 0 0 0 0 0 0 0 0 0 0 0 
0 0 0 0 0 0 0 0 0 0 0 0 0 0 0 0 0 0 
0 0 0 0 0 0 0 0 0 0 0 0 0 0 0 0 0 0 
0 0 0 0 0 0 0 0 0 0 0 0 0 0 0 0 0 0 
0 0 0 0 0 0 0 0 0 0 0 0 0 0 0 0 0 0 
0 0 0 0 0 0 0 0 0 0 0 0 0 0 0 0 0 0 
0 0 0 0 0 0 0 0 0 0 0 0 0 0 0 0 0 0 
sb1:
t:1
l:1
5 4
l:1
5 0
l:1
1 2
l:1
4 6
t:2
l:2
7 1
7 2
l:2
3 1
3 2
l:2
6 6
6 7
t:3
l:3
8 9
7 9
6 9
l:3
9 1
9 2
9 3
t:4
l:4
2 6
2 7
2 8
2 9
m2:
0 0 0 0 0 0 0 0 0 0 0 0 0 0 0 0 0 0 
0 1 0 0 0 0 2 0 0 0 0 0 0 0 0 0 0 0 
0 0 0 0 2 0 0 0 2 0 2 0 0 0 0 0 0 0 
0 0 2 0 2 0 0 0 2 0 2 0 0 0 0 0 0 0 
0 0 0 0 0 0 0 0 0 0 2 0 0 0 0 0 0 0 
0 0 0 0 0 0 2 0 0 0 0 0 0 0 0 0 0 0 
0 0 0 0 0 0 0 0 0 0 0 0 0 0 0 0 0 0 
0 0 0 2 0 2 0 2 0 0 0 0 0 0 0 0 0 0 
0 0 0 2 0 0 0 2 0 0 0 0 0 0 0 0 0 0 
0 0 0 2 0 0 0 0 0 0 0 0 0 0 0 0 0 0 
0 0 0 2 0 0 0 2 2 2 0 0 0 0 0 0 0 0 
0 0 0 0 0 0 0 0 0 0 0 0 0 0 0 0 0 0 
0 0 0 0 0 0 0 0 0 0 0 0 0 0 0 0 0 0 
0 0 0 0 0 0 0 0 0 0 0 0 0 0 0 0 0 0 
0 0 0 0 0 0 0 0 0 0 0 0 0 0 0 0 0 0 
0 0 0 0 0 0 0 0 0 0 0 0 0 0 0 0 0 0 
0 0 0 0 0 0 0 0 0 0 0 0 0 0 0 0 0 0 
0 0 0 0 0 0 0 0 0 0 0 0 0 0 0 0 0 0 
sb2:
t:1
l:1
5 4
l:1
5 0
l:1
1 2
l:1
4 6
t:2
l:2
7 1
7 2
l:2
3 1
3 2
l:2
6 6
6 7
t:3
l:3
8 9
7 9
6 9
l:3
9 1
9 2
9 3
t:4
l:4
2 6
2 7
2 8
2 9
