m:12
ms:10
bl:42
s1:17
s2:12
state:56
lx:8
ly:8
d:0
s:7
m1:
0 0 0 0 0 0 0 0 0 0 0 0 0 0 0 0 0 0 
0 1 0 0 0 0 0 0 1 2 0 0 0 0 0 0 0 0 
0 0 2 1 0 0 2 0 0 2 0 0 0 0 0 0 0 0 
0 0 0 0 0 1 0 0 0 2 0 0 0 0 0 0 0 0 
0 2 0 0 0 0 0 1 0 2 0 0 0 0 0 0 0 0 
0 2 1 2 2 2 0 0 0 0 0 0 0 0 0 0 0 0 
0 2 0 0 1 0 0 0 0 0 0 0 0 0 0 0 0 0 
0 0 0 2 0 0 1 0 2 2 0 0 0 0 0 0 0 0 
0 1 0 0 0 0 0 0 1 0 0 0 0 0 0 0 0 0 
0 0 2 1 0 0 0 0 0 2 2 0 0 0 0 0 0 0 
0 0 2 0 0 1 0 2 0 0 0 0 0 0 0 0 0 0 
0 0 0 0 0 0 0 0 0 0 0 0 0 0 0 0 0 0 
0 0 0 0 0 0 0 0 0 0 0 0 0 0 0 0 0 0 
0 0 0 0 0 0 0 0 0 0 0 0 0 0 0 0 0 0 
0 0 0 0 0 0 0 0 0 0 0 0 0 0 0 0 0 0 
0 0 0 0 0 0 0 0 0 0 0 0 0 0 0 0 0 0 
0 0 0 0 0 0 0 0 0 0 0 0 0 0 0 0 0 0 
0 0 0 0 0 0 0 0 0 0 0 0 0 0 0 0 0 0 
sb1:
t:1
l:1
5 1
l:1
1 1
l:1
6 9
l:1
2 6
t:2
l:2
1 8
1 9
l:2
7 6
8 6
l:2
8 8
9 8
t:3
l:3
4 4
3 4
2 4
l:3
0 3
0 4
0 5
t:4
l:4
8 0
8 1
8 2
8 3
m2:
0 0 0 0 0 0 0 0 0 0 0 0 0 0 0 0 0 0 
0 0 0 0 2 0 0 0 0 0 0 0 0 0 0 0 0 0 
0 0 0 0 2 0 0 0 0 0 0 0 0 0 0 0 0 0 
0 0 2 0 1 1 1 2 0 0 2 0 0 0 0 0 0 0 
0 0 2 0 1 3 1 3 0 0 0 0 0 0 0 0 0 0 
0 0 2 0 1 1 1 1 0 0 0 0 0 0 0 0 0 0 
0 0 0 0 2 1 2 1 1 0 0 0 0 0 0 0 0 0 
0 1 1 1 3 1 3 0 2 0 0 0 0 0 0 0 0 0 
0 0 2 0 2 0 2 1 3 1 1 0 0 0 0 0 0 0 
0 0 0 0 2 0 0 0 0 0 0 0 0 0 0 0 0 0 
0 0 0 0 0 0 0 0 2 0 0 0 0 0 0 0 0 0 
0 0 0 0 0 0 0 0 0 0 0 0 0 0 0 0 0 0 
0 0 0 0 0 0 0 0 0 0 0 0 0 0 0 0 0 0 
0 0 0 0 0 0 0 0 0 0 0 0 0 0 0 0 0 0 
0 0 0 0 0 0 0 0 0 0 0 0 0 0 0 0 0 0 
0 0 0 0 0 0 0 0 0 0 0 0 0 0 0 0 0 0 
0 0 0 0 0 0 0 0 0 0 0 0 0 0 0 0 0 0 
0 0 0 0 0 0 0 0 0 0 0 0 0 0 0 0 0 0 
sb2:
t:1
l:1
9 2
l:0
4 3
l:1
1 7
l:1
7 9
t:2
l:2
3 0
3 1
l:1
6 2
6 3
l:1
7 6
7 7
t:3
l:2
5 5
5 6
5 7
l:3
1 2
1 3
1 4
t:4
l:3
3 5
3 6
3 7
3 8
