m:12
ms:10
bl:42
s1:1
s2:1
state:56
m1:
0 0 0 0 0 0 0 0 0 0 0 0 0 0 0 0 0 0 
0 1 0 0 0 2 2 2 2 0 0 0 0 0 0 0 0 0 
0 0 0 0 0 0 0 0 0 0 0 0 0 0 0 0 0 0 
0 0 2 0 0 0 0 2 0 0 0 0 0 0 0 0 0 0 
0 0 2 0 0 0 0 2 0 0 0 0 0 0 0 0 0 0 
0 0 2 0 2 2 0 0 0 0 0 0 0 0 0 0 0 0 
0 0 0 0 0 0 0 0 0 2 0 0 0 0 0 0 0 0 
0 0 0 2 2 2 0 0 0 0 0 0 0 0 0 0 0 0 
0 0 0 0 0 0 0 0 0 2 0 0 0 0 0 0 0 0 
0 2 0 0 0 0 2 0 0 0 0 0 0 0 0 0 0 0 
0 0 0 2 2 0 0 0 0 0 0 0 0 0 0 0 0 0 
0 0 0 0 0 0 0 0 0 0 0 0 0 0 0 0 0 0 
0 0 0 0 0 0 0 0 0 0 0 0 0 0 0 0 0 0 
0 0 0 0 0 0 0 0 0 0 0 0 0 0 0 0 0 0 
0 0 0 0 0 0 0 0 0 0 0 0 0 0 0 0 0 0 
0 0 0 0 0 0 0 0 0 0 0 0 0 0 0 0 0 0 
0 0 0 0 0 0 0 0 0 0 0 0 0 0 0 0 0 0 
0 0 0 0 0 0 0 0 0 0 0 0 0 0 0 0 0 0 
sb1:
t:1
l:1
5 8
l:1
8 7
l:1
0 8
l:1
8 5
t:2
l:2
3 9
2 9
l:2
3 4
4 4
l:2
6 2
6 3
t:3
l:3
1 2
1 3
1 4
l:3
2 6
3 6
4 6
t:4
l:4
7 0
6 0
5 0
4 0
m2:
0 0 0 0 0 0 0 0 0 0 0 0 0 0 0 0 0 0 
0 2 0 0 2 2 0 0 0 0 2 0 0 0 0 0 0 0 
0 0 0 0 0 0 0 0 0 0 0 0 0 0 0 0 0 0 
0 0 0 0 0 2 1 0 0 0 0 0 0 0 0 0 0 0 
0 0 0 0 0 2 0 0 0 0 2 0 0 0 0 0 0 0 
0 2 0 0 0 2 0 2 0 0 2 0 0 0 0 0 0 0 
0 2 0 0 0 0 0 2 0 0 0 0 0 0 0 0 0 0 
0 2 0 0 0 0 0 0 0 0 0 0 0 0 0 0 0 0 
0 0 0 0 0 2 0 2 2 2 2 0 0 0 0 0 0 0 
0 0 0 0 0 0 0 0 0 0 0 0 0 0 0 0 0 0 
0 0 0 0 0 0 0 0 2 0 0 0 0 0 0 0 0 0 
0 0 0 0 0 0 0 0 0 0 0 0 0 0 0 0 0 0 
0 0 0 0 0 0 0 0 0 0 0 0 0 0 0 0 0 0 
0 0 0 0 0 0 0 0 0 0 0 0 0 0 0 0 0 0 
0 0 0 0 0 0 0 0 0 0 0 0 0 0 0 0 0 0 
0 0 0 0 0 0 0 0 0 0 0 0 0 0 0 0 0 0 
0 0 0 0 0 0 0 0 0 0 0 0 0 0 0 0 0 0 
0 0 0 0 0 0 0 0 0 0 0 0 0 0 0 0 0 0 
sb2:
t:1
l:1
0 0
l:1
9 0
l:1
7 9
l:1
4 7
t:2
l:2
3 0
4 0
l:2
9 3
9 4
l:2
6 4
6 5
t:3
l:3
0 4
0 5
0 6
l:3
4 2
4 3
4 4
t:4
l:4
9 7
8 7
7 7
6 7
