m:11
ms:10
bl:43
s1:5
s2:14
state:59
bm1:2
bm2:1
lx1:6
lx2:8
ly1:5
ly2:3
d1:0
d2:1
s1:-1
s2:-1
m1:
0 0 0 0 0 0 0 0 0 0 0 0 0 0 0 0 0 0 
0 0 0 0 0 0 0 2 0 0 0 0 0 0 0 0 0 0 
0 0 2 2 0 0 0 0 1 0 0 0 0 0 0 0 0 0 
0 0 0 0 0 0 2 3 3 1 2 0 0 0 0 0 0 0 
0 0 0 0 0 1 1 1 1 0 0 0 0 0 0 0 0 0 
0 0 0 0 0 1 3 1 0 0 0 0 0 0 0 0 0 0 
0 0 2 1 1 1 3 1 0 0 2 0 0 0 0 0 0 0 
0 0 2 1 3 1 3 1 0 0 0 0 0 0 0 0 0 0 
1 1 1 1 1 1 3 1 2 0 0 0 0 0 0 0 0 0 
1 3 1 0 0 1 1 1 2 0 0 0 0 0 0 0 0 0 
1 3 1 0 0 0 0 0 2 0 0 0 0 0 0 0 0 0 
1 1 1 0 0 0 0 0 0 0 0 0 0 0 0 0 0 0 
0 0 0 0 0 0 0 0 0 0 0 0 0 0 0 0 0 0 
0 0 0 0 0 0 0 0 0 0 0 0 0 0 0 0 0 0 
0 0 0 0 0 0 0 0 0 0 0 0 0 0 0 0 0 0 
0 0 0 0 0 0 0 0 0 0 0 0 0 0 0 0 0 0 
0 0 0 0 0 0 0 0 0 0 0 0 0 0 0 0 0 0 
0 0 0 0 0 0 0 0 0 0 0 0 0 0 0 0 0 0 
sb1:
t:1
l:1
6 0
l:1
9 5
l:1
9 2
l:0
3 6
t:2
l:0
0 8
0 9
l:2
1 5
1 6
l:2
2 1
1 1
t:3
l:3
7 7
7 8
7 9
l:1
5 2
6 2
7 2
t:4
l:0
5 4
5 5
5 6
5 7
m2:
0 0 0 0 0 0 0 0 0 0 0 0 0 0 0 0 0 0 
0 0 0 2 0 2 2 2 2 0 1 0 0 0 0 0 0 0 
0 0 0 0 0 0 0 0 0 1 0 0 0 0 0 0 0 0 
0 0 0 2 2 0 0 0 1 0 0 0 0 0 0 0 0 0 
0 0 0 0 0 0 0 1 2 0 0 0 0 0 0 0 0 0 
0 0 2 0 0 0 1 0 2 0 0 0 0 0 0 0 0 0 
0 0 0 0 0 2 2 0 2 0 0 0 0 0 0 0 0 0 
0 0 0 0 0 0 0 0 0 0 0 0 0 0 0 0 0 0 
0 0 0 0 2 0 0 0 2 2 2 0 0 0 0 0 0 0 
0 2 0 0 0 0 2 0 0 0 0 0 0 0 0 0 0 0 
0 2 0 0 0 0 0 0 0 0 0 0 0 0 0 0 0 0 
0 0 0 0 0 0 0 0 0 0 0 0 0 0 0 0 0 0 
0 0 0 0 0 0 0 0 0 0 0 0 0 0 0 0 0 0 
0 0 0 0 0 0 0 0 0 0 0 0 0 0 0 0 0 0 
0 0 0 0 0 0 0 0 0 0 0 0 0 0 0 0 0 0 
0 0 0 0 0 0 0 0 0 0 0 0 0 0 0 0 0 0 
0 0 0 0 0 0 0 0 0 0 0 0 0 0 0 0 0 0 
0 0 0 0 0 0 0 0 0 0 0 0 0 0 0 0 0 0 
sb2:
t:1
l:1
2 0
l:1
1 4
l:1
3 7
l:1
5 8
t:2
l:2
0 8
0 9
l:2
5 5
4 5
l:2
3 2
2 2
t:3
l:3
7 3
7 4
7 5
l:3
7 7
8 7
9 7
t:4
l:4
7 0
6 0
5 0
4 0
