m:12
ms:10
bl:43
s1:6
s2:9
state:56
m1:
0 0 0 0 0 0 0 0 0 0 0 0 0 0 0 0 0 0 
0 0 0 2 0 0 0 0 0 0 1 0 0 0 0 0 0 0 
0 2 0 2 0 0 0 2 0 1 0 0 0 0 0 0 0 0 
0 0 0 2 0 0 0 2 1 0 0 0 0 0 0 0 0 0 
0 0 0 0 0 2 0 1 0 2 0 0 0 0 0 0 0 0 
0 0 0 0 0 0 1 0 0 0 0 0 0 0 0 0 0 0 
0 0 0 0 2 3 3 3 1 0 0 0 0 0 0 0 0 0 
0 2 0 0 0 0 0 0 0 0 0 0 0 0 0 0 0 0 
0 2 0 0 0 0 0 0 0 0 0 0 0 0 0 0 0 0 
0 2 0 0 2 0 0 0 0 0 0 0 0 0 0 0 0 0 
0 0 0 0 2 0 0 2 2 0 2 0 0 0 0 0 0 0 
0 0 0 0 0 0 0 0 0 0 0 0 0 0 0 0 0 0 
0 0 0 0 0 0 0 0 0 0 0 0 0 0 0 0 0 0 
0 0 0 0 0 0 0 0 0 0 0 0 0 0 0 0 0 0 
0 0 0 0 0 0 0 0 0 0 0 0 0 0 0 0 0 0 
0 0 0 0 0 0 0 0 0 0 0 0 0 0 0 0 0 0 
0 0 0 0 0 0 0 0 0 0 0 0 0 0 0 0 0 0 
0 0 0 0 0 0 0 0 0 0 0 0 0 0 0 0 0 0 
sb1:
t:1
l:1
4 3
l:1
0 1
l:1
8 3
l:1
9 9
t:2
l:2
6 9
7 9
l:2
6 1
6 2
l:2
3 8
3 9
t:3
l:3
0 6
0 7
0 8
l:3
2 0
2 1
2 2
t:4
l:1
6 5
5 5
4 5
3 5
m2:
0 0 0 0 0 0 0 0 0 0 0 0 0 0 0 0 0 0 
0 1 1 0 1 1 1 1 0 0 0 0 0 0 0 0 0 0 
0 2 0 2 0 2 2 0 0 0 0 0 0 0 0 0 0 0 
0 2 0 0 0 0 0 0 0 0 0 0 0 0 0 0 0 0 
0 2 0 0 0 0 0 0 0 2 0 0 0 0 0 0 0 0 
0 2 0 0 0 0 2 0 0 0 0 0 0 0 0 0 0 0 
0 0 0 0 2 0 2 0 0 0 0 0 0 0 0 0 0 0 
0 2 0 0 0 0 0 0 0 0 0 0 0 0 0 0 0 0 
0 2 0 0 0 0 0 0 0 0 2 0 0 0 0 0 0 0 
0 2 0 0 2 2 0 0 0 0 2 0 0 0 0 0 0 0 
0 0 0 0 0 0 0 0 2 0 2 0 0 0 0 0 0 0 
0 0 0 0 0 0 0 0 0 0 0 0 0 0 0 0 0 0 
0 0 0 0 0 0 0 0 0 0 0 0 0 0 0 0 0 0 
0 0 0 0 0 0 0 0 0 0 0 0 0 0 0 0 0 0 
0 0 0 0 0 0 0 0 0 0 0 0 0 0 0 0 0 0 
0 0 0 0 0 0 0 0 0 0 0 0 0 0 0 0 0 0 
0 0 0 0 0 0 0 0 0 0 0 0 0 0 0 0 0 0 
0 0 0 0 0 0 0 0 0 0 0 0 0 0 0 0 0 0 
sb2:
t:1
l:1
3 5
l:1
8 3
l:1
7 9
l:1
2 1
t:2
l:2
3 8
4 8
l:2
5 4
5 5
l:2
4 1
5 1
t:3
l:3
0 6
0 7
0 8
l:3
9 7
9 8
9 9
t:4
l:4
0 1
0 2
0 3
0 4
