m:12
ms:10
bl:42
s1:6
s2:5
state:56
lx:4
ly:3
d:0
s:8
m1:
0 0 0 0 0 0 0 0 0 0 0 0 0 0 0 0 0 0 
0 1 0 2 0 0 2 0 2 2 0 0 0 0 0 0 0 0 
0 0 0 0 0 0 0 0 0 0 0 0 0 0 0 0 0 0 
0 0 0 0 1 0 0 0 0 0 0 0 0 0 0 0 0 0 
0 0 0 0 0 2 2 2 2 0 0 0 0 0 0 0 0 0 
0 0 2 1 0 0 0 0 0 0 0 0 0 0 0 0 0 0 
0 0 0 0 2 2 0 0 0 0 0 0 0 0 0 0 0 0 
0 0 1 0 0 0 0 0 0 2 0 0 0 0 0 0 0 0 
0 2 0 2 0 0 0 2 0 2 0 0 0 0 0 0 0 0 
0 1 0 2 0 0 0 2 0 0 0 0 0 0 0 0 0 0 
0 0 0 2 0 0 0 2 0 0 0 0 0 0 0 0 0 0 
0 0 0 0 0 0 0 0 0 0 0 0 0 0 0 0 0 0 
0 0 0 0 0 0 0 0 0 0 0 0 0 0 0 0 0 0 
0 0 0 0 0 0 0 0 0 0 0 0 0 0 0 0 0 0 
0 0 0 0 0 0 0 0 0 0 0 0 0 0 0 0 0 0 
0 0 0 0 0 0 0 0 0 0 0 0 0 0 0 0 0 0 
0 0 0 0 0 0 0 0 0 0 0 0 0 0 0 0 0 0 
0 0 0 0 0 0 0 0 0 0 0 0 0 0 0 0 0 0 
sb1:
t:1
l:1
1 4
l:1
2 0
l:1
0 7
l:1
5 0
t:2
l:2
8 6
8 7
l:2
4 5
3 5
l:2
7 0
8 0
t:3
l:3
6 7
6 8
6 9
l:3
2 7
2 8
2 9
t:4
l:4
4 3
5 3
6 3
7 3
m2:
1 1 1 0 0 0 0 0 0 0 0 0 0 0 0 0 0 0 
1 3 1 0 0 0 0 0 2 2 2 0 0 0 0 0 0 0 
1 1 1 0 0 0 0 0 0 0 0 0 0 0 0 0 0 0 
0 0 1 0 0 0 0 2 0 0 0 0 0 0 0 0 0 0 
0 2 2 2 1 0 0 0 0 0 0 0 0 0 0 0 0 0 
0 0 0 0 0 0 0 0 0 2 2 0 0 0 0 0 0 0 
0 2 0 0 0 1 0 0 0 0 0 0 0 0 0 0 0 0 
0 2 0 0 0 0 1 2 2 2 2 0 0 0 0 0 0 0 
0 0 0 0 0 0 1 0 0 0 0 0 0 0 0 0 0 0 
0 2 0 0 2 0 0 0 0 0 0 0 0 0 0 0 0 0 
0 0 0 0 0 0 0 0 2 2 0 0 0 0 0 0 0 0 
0 0 0 0 0 0 0 0 0 0 0 0 0 0 0 0 0 0 
0 0 0 0 0 0 0 0 0 0 0 0 0 0 0 0 0 0 
0 0 0 0 0 0 0 0 0 0 0 0 0 0 0 0 0 0 
0 0 0 0 0 0 0 0 0 0 0 0 0 0 0 0 0 0 
0 0 0 0 0 0 0 0 0 0 0 0 0 0 0 0 0 0 
0 0 0 0 0 0 0 0 0 0 0 0 0 0 0 0 0 0 
0 0 0 0 0 0 0 0 0 0 0 0 0 0 0 0 0 0 
sb2:
t:1
l:1
0 8
l:1
6 2
l:1
3 8
l:0
0 0
t:2
l:2
7 9
8 9
l:2
0 5
0 6
l:2
8 4
9 4
t:3
l:3
2 3
1 3
0 3
l:3
9 0
8 0
7 0
t:4
l:4
9 6
8 6
7 6
6 6
