m:12
ms:10
bl:41
s1:15
s2:13
state:56
m1:
0 0 0 0 0 0 0 0 0 0 0 0 0 0 0 0 0 0 
0 2 3 0 0 0 1 2 2 2 0 0 0 0 0 0 0 0 
0 0 1 0 1 0 1 0 0 0 0 0 0 0 0 0 0 0 
0 0 0 0 0 0 1 2 2 2 2 0 0 0 0 0 0 0 
0 2 0 1 0 0 0 0 1 0 0 0 0 0 0 0 0 0 
0 0 0 0 0 2 0 0 0 0 0 0 0 0 0 0 0 0 
0 0 0 0 0 2 0 2 2 2 0 0 0 0 0 0 0 0 
0 0 0 0 0 0 0 0 0 0 0 0 0 0 0 0 0 0 
0 2 0 0 0 2 0 1 0 0 0 0 0 0 0 0 0 0 
0 2 1 0 0 0 0 0 0 2 0 0 0 0 0 0 0 0 
0 1 1 2 0 0 1 0 0 0 0 0 0 0 0 0 0 0 
0 0 0 0 0 0 0 0 0 0 0 0 0 0 0 0 0 0 
0 0 0 0 0 0 0 0 0 0 0 0 0 0 0 0 0 0 
0 0 0 0 0 0 0 0 0 0 0 0 0 0 0 0 0 0 
0 0 0 0 0 0 0 0 0 0 0 0 0 0 0 0 0 0 
0 0 0 0 0 0 0 0 0 0 0 0 0 0 0 0 0 0 
0 0 0 0 0 0 0 0 0 0 0 0 0 0 0 0 0 0 
0 0 0 0 0 0 0 0 0 0 0 0 0 0 0 0 0 0 
sb1:
t:1
l:1
2 9
l:1
4 7
l:1
0 3
l:1
8 8
t:2
l:2
4 4
4 5
l:2
0 7
0 8
l:1
0 0
1 0
t:3
l:3
8 5
7 5
6 5
l:3
8 0
7 0
6 0
t:4
l:4
9 2
8 2
7 2
6 2
m2:
0 0 0 0 0 0 0 0 0 0 0 0 0 0 0 0 0 0 
0 1 0 0 0 0 0 0 0 0 1 0 0 0 0 0 0 0 
1 1 1 0 2 0 2 2 0 0 1 0 0 0 0 0 0 0 
1 3 1 0 2 0 0 0 0 0 2 0 0 0 0 0 0 0 
1 1 1 0 2 0 0 0 0 0 1 0 0 0 0 0 0 0 
0 0 0 0 2 0 0 2 2 2 0 0 0 0 0 0 0 0 
0 1 0 0 0 0 0 0 0 0 1 0 0 0 0 0 0 0 
1 1 1 0 0 0 0 2 0 0 1 0 0 0 0 0 0 0 
1 3 1 2 2 2 0 0 0 0 1 0 0 0 0 0 0 0 
1 3 1 0 0 0 0 0 0 0 1 0 0 0 0 0 0 0 
1 1 1 0 2 2 0 0 2 0 1 0 0 0 0 0 0 0 
0 0 0 0 0 0 0 0 0 0 0 0 0 0 0 0 0 0 
0 0 0 0 0 0 0 0 0 0 0 0 0 0 0 0 0 0 
0 0 0 0 0 0 0 0 0 0 0 0 0 0 0 0 0 0 
0 0 0 0 0 0 0 0 0 0 0 0 0 0 0 0 0 0 
0 0 0 0 0 0 0 0 0 0 0 0 0 0 0 0 0 0 
0 0 0 0 0 0 0 0 0 0 0 0 0 0 0 0 0 0 
0 0 0 0 0 0 0 0 0 0 0 0 0 0 0 0 0 0 
sb2:
t:1
l:1
9 2
l:1
7 9
l:1
6 6
l:0
0 2
t:2
l:2
4 9
3 9
l:2
6 1
5 1
l:0
0 7
0 8
t:3
l:3
6 4
7 4
8 4
l:3
4 7
3 7
2 7
t:4
l:4
3 1
3 2
3 3
3 4
