m:12
ms:10
bl:41
s1:17
s2:15
state:56
m1:
0 0 0 0 0 0 0 0 0 0 0 0 0 0 0 0 0 0 
0 0 0 2 2 0 1 0 0 0 0 0 0 0 0 0 0 0 
0 0 0 0 0 0 0 0 2 0 0 0 0 0 0 0 0 0 
0 2 0 0 0 1 1 0 0 1 0 0 0 0 0 0 0 0 
0 0 0 0 0 2 2 3 0 0 0 0 0 0 0 0 0 0 
0 0 0 1 0 0 0 0 0 2 2 0 0 0 0 0 0 0 
0 0 0 1 2 0 2 0 0 1 0 0 0 0 0 0 0 0 
0 2 3 0 0 1 2 0 0 2 0 0 0 0 0 0 0 0 
0 0 0 1 0 0 2 0 0 2 0 0 0 0 0 0 0 0 
0 0 2 1 0 0 2 0 0 2 0 0 0 0 0 0 0 0 
0 1 1 0 0 0 0 0 0 1 0 0 0 0 0 0 0 0 
0 0 0 0 0 0 0 0 0 0 0 0 0 0 0 0 0 0 
0 0 0 0 0 0 0 0 0 0 0 0 0 0 0 0 0 0 
0 0 0 0 0 0 0 0 0 0 0 0 0 0 0 0 0 0 
0 0 0 0 0 0 0 0 0 0 0 0 0 0 0 0 0 0 
0 0 0 0 0 0 0 0 0 0 0 0 0 0 0 0 0 0 
0 0 0 0 0 0 0 0 0 0 0 0 0 0 0 0 0 0 
0 0 0 0 0 0 0 0 0 0 0 0 0 0 0 0 0 0 
sb1:
t:1
l:1
3 5
l:1
0 2
l:1
1 8
l:1
7 1
t:2
l:2
8 4
9 4
l:1
1 6
0 6
l:2
3 0
2 0
t:3
l:2
4 3
5 3
6 3
l:3
8 6
8 7
8 8
t:4
l:4
5 5
5 6
5 7
5 8
m2:
0 0 0 0 0 0 0 0 0 0 0 0 0 0 0 0 0 0 
0 0 0 2 0 0 0 0 0 0 0 0 0 0 0 0 0 0 
0 2 0 0 0 1 3 2 2 0 0 0 0 0 0 0 0 0 
0 2 0 0 0 0 1 0 1 1 2 0 0 0 0 0 0 0 
0 2 0 0 0 0 0 0 0 1 0 0 0 0 0 0 0 0 
0 2 0 0 1 1 0 2 2 0 0 0 0 0 0 0 0 0 
0 0 1 1 1 1 1 1 0 0 0 0 0 0 0 0 0 0 
0 0 0 2 1 3 3 1 0 0 0 0 0 0 0 0 0 0 
0 0 0 0 1 1 1 1 3 2 0 0 0 0 0 0 0 0 
0 0 0 0 2 0 1 1 0 1 1 0 0 0 0 0 0 0 
0 0 0 0 0 0 0 2 2 2 0 0 0 0 0 0 0 0 
0 0 0 0 0 0 0 0 0 0 0 0 0 0 0 0 0 0 
0 0 0 0 0 0 0 0 0 0 0 0 0 0 0 0 0 0 
0 0 0 0 0 0 0 0 0 0 0 0 0 0 0 0 0 0 
0 0 0 0 0 0 0 0 0 0 0 0 0 0 0 0 0 0 
0 0 0 0 0 0 0 0 0 0 0 0 0 0 0 0 0 0 
0 0 0 0 0 0 0 0 0 0 0 0 0 0 0 0 0 0 
0 0 0 0 0 0 0 0 0 0 0 0 0 0 0 0 0 0 
sb2:
t:1
l:1
9 2
l:1
3 8
l:1
2 0
l:1
2 6
t:2
l:2
6 4
7 4
l:0
5 6
4 6
l:1
7 7
8 7
t:3
l:3
8 9
7 9
6 9
l:2
7 1
6 1
5 1
t:4
l:4
0 1
0 2
0 3
0 4
