m:12
ms:15
bl:42
s1:6
s2:6
state:56
m1:
0 0 0 0 0 0 0 0 0 0 0 0 0 0 0 0 0 0 
0 0 0 2 0 0 0 0 0 0 0 0 0 0 0 0 0 0 
0 0 0 2 0 0 0 0 0 0 0 0 0 0 0 0 0 0 
0 0 1 2 0 0 0 2 0 0 0 0 0 0 0 0 0 0 
0 0 0 2 0 0 0 0 0 0 0 0 0 2 0 0 0 0 
0 0 0 2 0 0 2 2 0 0 0 0 0 0 0 0 0 0 
0 1 0 0 0 0 0 0 0 0 0 0 0 0 0 0 0 0 
0 0 0 0 0 0 0 0 0 0 0 0 0 0 0 0 0 0 
0 0 0 0 2 0 0 0 0 0 0 0 0 0 0 0 0 0 
0 0 0 1 2 0 0 0 0 0 0 0 0 0 0 0 0 0 
0 2 0 0 2 0 0 0 0 0 0 0 0 0 0 0 0 0 
0 2 0 0 0 0 0 0 0 0 0 0 0 0 0 0 0 0 
0 2 1 0 2 0 0 0 0 0 0 0 0 0 0 0 0 0 
0 2 0 0 0 0 0 0 0 0 2 0 0 0 0 2 0 0 
0 0 0 2 2 0 0 0 0 0 2 0 0 0 0 0 0 0 
0 1 0 0 1 0 2 2 0 0 2 0 0 0 0 0 0 0 
0 0 0 0 0 0 0 0 0 0 0 0 0 0 0 0 0 0 
0 0 0 0 0 0 0 0 0 0 0 0 0 0 0 0 0 0 
sb1:
t:1
l:1
3 11
l:1
12 3
l:1
14 12
l:1
6 2
t:2
l:2
6 4
5 4
l:2
5 14
6 14
l:2
2 13
3 13
t:3
l:3
9 12
9 13
9 14
l:3
3 7
3 8
3 9
t:4
l:4
0 9
0 10
0 11
0 12
t:5
l:5
2 0
2 1
2 2
2 3
2 4
m2:
0 0 0 0 0 0 0 0 0 0 0 0 0 0 0 0 0 0 
0 0 0 0 0 0 0 0 0 0 0 0 0 0 0 0 0 0 
0 0 0 0 2 2 0 0 0 0 0 0 0 0 0 0 0 0 
0 0 0 0 0 0 0 0 0 0 1 0 2 0 0 0 0 0 
0 0 0 0 0 0 0 0 0 0 1 0 2 0 0 0 0 0 
0 0 0 0 0 0 0 0 0 0 0 0 0 0 0 0 0 0 
0 0 0 0 0 0 0 0 0 0 0 0 0 0 2 0 0 0 
0 0 0 0 2 0 0 0 2 2 1 0 2 0 2 0 0 0 
0 0 0 0 2 0 0 0 0 0 1 0 0 0 2 0 0 0 
0 0 0 0 2 0 2 0 0 0 1 0 0 0 0 0 0 0 
0 0 0 0 0 0 0 0 0 0 1 0 0 0 0 0 0 0 
0 0 0 0 0 0 0 0 0 0 0 0 0 0 2 0 0 0 
0 0 0 0 0 0 0 0 0 0 0 0 2 0 2 0 0 0 
0 0 0 0 2 0 2 0 0 0 0 0 2 0 2 0 0 0 
0 0 0 0 0 0 0 0 0 0 0 0 2 0 2 0 0 0 
0 0 0 0 0 0 0 0 0 0 0 0 2 0 2 0 0 0 
0 0 0 0 0 0 0 0 0 0 0 0 0 0 0 0 0 0 
0 0 0 0 0 0 0 0 0 0 0 0 0 0 0 0 0 0 
sb2:
t:1
l:1
5 12
l:1
3 12
l:1
5 8
l:1
11 6
t:2
l:2
8 6
7 6
l:2
4 1
3 1
l:2
11 2
11 3
t:3
l:3
13 5
13 6
13 7
l:3
3 6
3 7
3 8
t:4
l:4
11 11
11 12
11 13
11 14
t:5
l:5
13 10
13 11
13 12
13 13
13 14
