m:12
ms:10
bl:43
s1:26
s2:32
state:56
bm:2
lx:3
ly:10
d:1
s:-1
m1:
0 0 0 4 4 4 0 0 0 0 0 0 0 0 0 0 0 0 
0 0 0 4 3 1 2 0 0 0 1 0 0 0 0 0 0 0 
0 0 2 4 3 1 0 4 4 1 4 4 0 0 0 0 0 0 
0 4 4 4 1 4 0 4 3 3 3 4 0 0 0 0 0 0 
0 4 3 4 0 0 0 4 4 4 4 4 0 0 0 0 0 0 
0 4 3 4 4 1 1 4 4 1 4 0 0 0 0 0 0 0 
0 4 3 4 1 3 3 4 4 3 4 0 0 0 0 0 0 0 
0 4 4 4 4 1 4 4 4 3 4 0 0 0 0 0 0 0 
0 2 0 1 0 0 0 0 4 3 4 0 0 0 0 0 0 0 
0 2 1 2 0 0 0 1 1 3 4 0 0 0 0 0 0 0 
0 1 0 1 0 2 1 1 4 4 4 0 0 0 0 0 0 0 
0 0 0 0 0 0 0 0 0 0 0 0 0 0 0 0 0 0 
0 0 0 0 0 0 0 0 0 0 0 0 0 0 0 0 0 0 
0 0 0 0 0 0 0 0 0 0 0 0 0 0 0 0 0 0 
0 0 0 0 0 0 0 0 0 0 0 0 0 0 0 0 0 0 
0 0 0 0 0 0 0 0 0 0 0 0 0 0 0 0 0 0 
0 0 0 0 0 0 0 0 0 0 0 0 0 0 0 0 0 0 
0 0 0 0 0 0 0 0 0 0 0 0 0 0 0 0 0 0 
sb1:
t:1
l:1
1 1
l:1
2 8
l:1
4 9
l:1
5 0
t:2
l:0
3 0
3 1
l:0
5 5
4 5
l:2
0 7
0 8
t:3
l:0
1 3
1 4
1 5
l:0
7 2
8 2
9 2
t:4
l:0
8 5
8 6
8 7
8 8
m2:
0 0 0 0 0 0 0 0 0 0 0 0 0 0 0 0 0 0 
0 1 1 1 1 1 1 0 2 2 2 0 0 0 0 0 0 0 
0 1 3 1 1 3 1 0 0 0 0 0 0 0 0 0 0 0 
0 1 3 1 1 1 1 0 0 2 0 0 0 0 0 0 0 0 
0 1 3 1 1 1 0 0 0 0 0 0 0 0 0 0 0 0 
1 1 1 1 1 1 2 0 0 0 0 0 0 0 0 0 0 0 
1 3 3 3 3 1 2 0 0 2 0 0 0 0 0 0 0 0 
1 1 1 1 1 1 1 0 0 0 0 0 0 0 0 0 0 0 
0 0 2 2 0 0 1 1 0 2 0 0 0 0 0 0 0 0 
0 0 0 0 0 0 0 0 0 0 0 0 0 0 0 0 0 0 
0 0 0 0 0 0 0 0 2 2 0 0 0 0 0 0 0 0 
0 0 0 0 0 0 0 0 0 0 0 0 0 0 0 0 0 0 
0 0 0 0 0 0 0 0 0 0 0 0 0 0 0 0 0 0 
0 0 0 0 0 0 0 0 0 0 0 0 0 0 0 0 0 0 
0 0 0 0 0 0 0 0 0 0 0 0 0 0 0 0 0 0 
0 0 0 0 0 0 0 0 0 0 0 0 0 0 0 0 0 0 
0 0 0 0 0 0 0 0 0 0 0 0 0 0 0 0 0 0 
0 0 0 0 0 0 0 0 0 0 0 0 0 0 0 0 0 0 
sb2:
t:1
l:1
8 7
l:1
8 2
l:0
4 1
l:1
8 5
t:2
l:2
7 9
8 9
l:2
2 7
1 7
l:2
5 4
5 5
t:3
l:0
1 1
1 2
1 3
l:3
9 0
8 0
7 0
t:4
l:0
0 5
1 5
2 5
3 5
