m:12
ms:10
bl:42
s1:6
s2:8
state:56
lx:6
ly:4
d:1
s:8
m1:
0 0 0 0 0 0 0 0 0 0 0 0 0 0 0 0 0 0 
0 2 0 0 0 2 0 0 0 2 2 0 0 0 0 0 0 0 
0 3 0 0 0 3 0 0 0 0 0 0 0 0 0 0 0 0 
0 2 0 0 0 2 0 0 2 0 2 0 0 0 0 0 0 0 
0 0 1 0 0 0 1 0 2 0 0 0 0 0 0 0 0 0 
0 0 0 0 0 0 0 0 0 0 0 0 0 0 0 0 0 0 
0 0 0 1 0 0 0 0 0 0 2 0 0 0 0 0 0 0 
0 0 0 0 0 2 0 0 0 0 2 0 0 0 0 0 0 0 
0 0 0 0 1 0 0 2 2 0 2 0 0 0 0 0 0 0 
0 2 0 0 0 0 0 0 0 0 2 0 0 0 0 0 0 0 
0 1 0 2 0 1 0 0 0 0 0 0 0 0 0 0 0 0 
0 0 0 0 0 0 0 0 0 0 0 0 0 0 0 0 0 0 
0 0 0 0 0 0 0 0 0 0 0 0 0 0 0 0 0 0 
0 0 0 0 0 0 0 0 0 0 0 0 0 0 0 0 0 0 
0 0 0 0 0 0 0 0 0 0 0 0 0 0 0 0 0 0 
0 0 0 0 0 0 0 0 0 0 0 0 0 0 0 0 0 0 
0 0 0 0 0 0 0 0 0 0 0 0 0 0 0 0 0 0 
0 0 0 0 0 0 0 0 0 0 0 0 0 0 0 0 0 0 
sb1:
t:1
l:1
0 8
l:1
2 9
l:1
4 6
l:1
9 2
t:2
l:2
9 0
8 0
l:2
7 2
7 3
l:2
7 7
6 7
t:3
l:2
0 0
0 1
0 2
l:2
4 0
4 1
4 2
t:4
l:4
9 5
9 6
9 7
9 8
m2:
0 0 0 0 0 0 0 0 0 0 0 0 0 0 0 0 0 0 
0 1 0 0 0 0 2 2 2 0 2 0 0 0 0 0 0 0 
0 0 1 2 0 0 0 0 0 0 0 0 0 0 0 0 0 0 
0 0 1 0 0 0 2 2 0 2 0 0 0 0 0 0 0 0 
0 0 0 1 0 0 0 0 0 2 0 0 0 0 0 0 0 0 
0 0 0 0 1 1 0 0 0 0 0 0 0 0 0 0 0 0 
0 0 0 0 0 0 0 2 0 0 0 0 0 0 0 0 0 0 
0 0 0 0 0 0 0 2 0 0 0 0 0 0 0 0 0 0 
0 0 0 0 2 0 0 2 0 0 2 0 0 0 0 0 0 0 
0 2 0 0 0 0 0 0 0 0 2 0 0 0 0 0 0 0 
0 0 0 0 2 2 2 2 0 0 0 0 0 0 0 0 0 0 
0 0 0 0 0 0 0 0 0 0 0 0 0 0 0 0 0 0 
0 0 0 0 0 0 0 0 0 0 0 0 0 0 0 0 0 0 
0 0 0 0 0 0 0 0 0 0 0 0 0 0 0 0 0 0 
0 0 0 0 0 0 0 0 0 0 0 0 0 0 0 0 0 0 
0 0 0 0 0 0 0 0 0 0 0 0 0 0 0 0 0 0 
0 0 0 0 0 0 0 0 0 0 0 0 0 0 0 0 0 0 
0 0 0 0 0 0 0 0 0 0 0 0 0 0 0 0 0 0 
sb2:
t:1
l:1
9 0
l:1
2 1
l:1
0 8
l:1
3 7
t:2
l:2
9 7
9 8
l:2
5 2
6 2
l:2
8 2
8 3
t:3
l:3
6 5
6 6
6 7
l:3
5 0
6 0
7 0
t:4
l:4
6 9
5 9
4 9
3 9
