m:12
ms:10
bl:41
s1:11
s2:10
state:56
m1:
0 0 0 0 0 0 0 0 0 0 0 0 0 0 0 0 0 0 
0 2 2 0 0 0 0 0 0 0 0 0 0 0 0 0 0 0 
0 0 0 0 0 0 0 0 0 2 0 0 0 0 0 0 0 0 
0 0 2 2 2 0 0 0 0 0 0 0 0 0 0 0 0 0 
0 0 0 0 0 0 0 0 2 0 0 0 0 0 0 0 0 0 
0 1 0 2 2 3 2 0 0 0 2 0 0 0 0 0 0 0 
0 0 0 0 0 0 0 0 1 0 0 0 0 0 0 0 0 0 
0 1 1 3 1 0 0 0 0 0 0 0 0 0 0 0 0 0 
0 1 0 3 0 2 2 0 1 0 2 0 0 0 0 0 0 0 
0 0 0 2 0 0 0 0 0 0 2 0 0 0 0 0 0 0 
0 0 0 0 0 0 0 0 2 0 0 0 0 0 0 0 0 0 
0 0 0 0 0 0 0 0 0 0 0 0 0 0 0 0 0 0 
0 0 0 0 0 0 0 0 0 0 0 0 0 0 0 0 0 0 
0 0 0 0 0 0 0 0 0 0 0 0 0 0 0 0 0 0 
0 0 0 0 0 0 0 0 0 0 0 0 0 0 0 0 0 0 
0 0 0 0 0 0 0 0 0 0 0 0 0 0 0 0 0 0 
0 0 0 0 0 0 0 0 0 0 0 0 0 0 0 0 0 0 
0 0 0 0 0 0 0 0 0 0 0 0 0 0 0 0 0 0 
sb1:
t:1
l:1
7 9
l:1
9 4
l:1
7 3
l:1
8 1
t:2
l:2
0 0
1 0
l:2
4 7
5 7
l:2
9 7
9 8
t:3
l:1
2 6
2 7
2 8
l:3
1 2
2 2
3 2
t:4
l:3
5 4
4 4
3 4
2 4
m2:
0 0 0 0 0 0 0 0 0 0 0 0 0 0 0 0 0 0 
0 2 2 0 0 0 0 0 0 0 0 0 0 0 0 0 0 0 
0 1 1 0 0 0 0 0 0 2 0 0 0 0 0 0 0 0 
0 0 3 3 2 0 0 0 0 0 0 0 0 0 0 0 0 0 
0 0 0 0 1 1 0 0 2 0 0 0 0 0 0 0 0 0 
0 0 0 2 2 3 3 1 0 0 2 0 0 0 0 0 0 0 
0 0 0 0 0 0 0 0 1 1 0 0 0 0 0 0 0 0 
0 0 0 2 0 0 0 0 0 0 0 0 0 0 0 0 0 0 
0 0 0 2 0 2 2 0 0 0 2 0 0 0 0 0 0 0 
0 0 0 2 0 0 0 0 0 0 2 0 0 0 0 0 0 0 
0 0 0 0 0 0 0 0 2 0 0 0 0 0 0 0 0 0 
0 0 0 0 0 0 0 0 0 0 0 0 0 0 0 0 0 0 
0 0 0 0 0 0 0 0 0 0 0 0 0 0 0 0 0 0 
0 0 0 0 0 0 0 0 0 0 0 0 0 0 0 0 0 0 
0 0 0 0 0 0 0 0 0 0 0 0 0 0 0 0 0 0 
0 0 0 0 0 0 0 0 0 0 0 0 0 0 0 0 0 0 
0 0 0 0 0 0 0 0 0 0 0 0 0 0 0 0 0 0 
0 0 0 0 0 0 0 0 0 0 0 0 0 0 0 0 0 0 
sb2:
t:1
l:1
7 9
l:1
9 4
l:1
7 3
l:1
8 1
t:2
l:2
0 0
1 0
l:2
4 7
5 7
l:2
9 7
9 8
t:3
l:3
2 6
2 7
2 8
l:1
1 2
2 2
3 2
t:4
l:2
5 4
4 4
3 4
2 4
