m:12
ms:10
bl:42
s1:11
s2:14
state:56
lx:1
ly:10
d:1
s:4
m1:
0 0 0 0 0 0 0 0 0 0 0 0 0 0 0 0 0 0 
0 1 0 0 2 3 0 0 0 3 2 0 0 0 0 0 0 0 
0 0 0 0 0 0 0 0 0 0 0 0 0 0 0 0 0 0 
0 2 0 0 1 0 2 0 1 0 0 0 0 0 0 0 0 0 
0 0 0 2 0 0 2 0 2 0 0 0 0 0 0 0 0 0 
0 0 0 3 0 0 2 1 2 0 0 0 0 0 0 0 0 0 
0 0 0 2 0 0 2 0 2 0 0 0 0 0 0 0 0 0 
0 2 1 0 0 0 1 0 0 0 1 0 0 0 0 0 0 0 
0 0 0 0 0 0 0 2 0 0 0 0 0 0 0 0 0 0 
0 3 2 0 0 1 0 0 0 1 0 0 0 0 0 0 0 0 
0 1 0 0 0 2 0 0 0 0 0 0 0 0 0 0 0 0 
0 0 0 0 0 0 0 0 0 0 0 0 0 0 0 0 0 0 
0 0 0 0 0 0 0 0 0 0 0 0 0 0 0 0 0 0 
0 0 0 0 0 0 0 0 0 0 0 0 0 0 0 0 0 0 
0 0 0 0 0 0 0 0 0 0 0 0 0 0 0 0 0 0 
0 0 0 0 0 0 0 0 0 0 0 0 0 0 0 0 0 0 
0 0 0 0 0 0 0 0 0 0 0 0 0 0 0 0 0 0 
0 0 0 0 0 0 0 0 0 0 0 0 0 0 0 0 0 0 
sb1:
t:1
l:1
4 9
l:1
0 2
l:1
0 6
l:1
6 7
t:2
l:1
1 8
0 8
l:1
9 0
8 0
l:1
3 0
4 0
t:3
l:2
2 3
2 4
2 5
l:3
7 3
7 4
7 5
t:4
l:4
5 2
5 3
5 4
5 5
m2:
0 0 0 0 0 0 0 0 0 0 0 0 0 0 0 0 0 0 
0 1 0 2 0 0 0 0 0 0 0 0 0 0 0 0 0 0 
0 0 1 2 0 0 0 0 0 0 0 0 0 0 0 0 0 0 
0 0 1 1 1 0 0 2 2 2 2 0 0 0 0 0 0 0 
0 0 2 0 2 3 0 0 0 0 0 0 0 0 0 0 0 0 
0 0 0 0 0 0 1 1 0 0 2 0 0 0 0 0 0 0 
0 0 0 0 0 2 2 2 1 0 0 0 0 0 0 0 0 0 
0 0 0 0 0 0 0 0 0 1 0 0 0 0 0 0 0 0 
0 2 0 0 0 0 0 0 0 0 1 0 0 0 0 0 0 0 
0 0 0 0 2 2 2 0 2 2 0 0 0 0 0 0 0 0 
0 2 0 0 0 0 0 0 0 0 0 0 0 0 0 0 0 0 
0 0 0 0 0 0 0 0 0 0 0 0 0 0 0 0 0 0 
0 0 0 0 0 0 0 0 0 0 0 0 0 0 0 0 0 0 
0 0 0 0 0 0 0 0 0 0 0 0 0 0 0 0 0 0 
0 0 0 0 0 0 0 0 0 0 0 0 0 0 0 0 0 0 
0 0 0 0 0 0 0 0 0 0 0 0 0 0 0 0 0 0 
0 0 0 0 0 0 0 0 0 0 0 0 0 0 0 0 0 0 
0 0 0 0 0 0 0 0 0 0 0 0 0 0 0 0 0 0 
sb2:
t:1
l:1
1 3
l:1
0 9
l:1
9 4
l:1
0 7
t:2
l:2
8 8
7 8
l:2
2 0
2 1
l:1
4 3
3 3
t:3
l:3
5 8
4 8
3 8
l:3
4 5
5 5
6 5
t:4
l:4
9 2
8 2
7 2
6 2
