m:12
ms:10
bl:42
s1:8
s2:6
state:56
lx:3
ly:6
d:0
s:5
m1:
0 4 4 4 4 0 0 0 0 0 0 0 0 0 0 0 0 0 
0 1 3 3 4 0 0 0 0 0 0 0 0 0 0 0 0 0 
0 4 4 4 4 0 0 0 0 0 0 0 0 0 0 0 0 0 
0 0 0 0 0 0 0 0 2 2 2 0 0 0 0 0 0 0 
0 2 0 2 2 2 0 0 0 0 0 0 0 0 0 0 0 0 
0 0 0 0 0 0 0 0 2 0 2 0 0 0 0 0 0 0 
0 1 1 1 0 0 0 0 0 0 0 0 0 0 0 0 0 0 
0 0 2 2 2 2 0 2 0 0 0 0 0 0 0 0 0 0 
0 0 0 0 0 0 0 2 0 2 0 0 0 0 0 0 0 0 
0 0 0 0 0 0 0 0 0 2 0 0 0 0 0 0 0 0 
0 0 0 0 0 2 0 0 0 0 0 0 0 0 0 0 0 0 
0 0 0 0 0 0 0 0 0 0 0 0 0 0 0 0 0 0 
0 0 0 0 0 0 0 0 0 0 0 0 0 0 0 0 0 0 
0 0 0 0 0 0 0 0 0 0 0 0 0 0 0 0 0 0 
0 0 0 0 0 0 0 0 0 0 0 0 0 0 0 0 0 0 
0 0 0 0 0 0 0 0 0 0 0 0 0 0 0 0 0 0 
0 0 0 0 0 0 0 0 0 0 0 0 0 0 0 0 0 0 
0 0 0 0 0 0 0 0 0 0 0 0 0 0 0 0 0 0 
sb1:
t:1
l:1
9 4
l:1
0 3
l:1
7 4
l:1
4 9
t:2
l:0
1 0
2 0
l:2
8 7
8 8
l:2
6 6
6 7
t:3
l:3
2 3
3 3
4 3
l:3
9 2
8 2
7 2
t:4
l:4
4 6
3 6
2 6
1 6
m2:
1 1 1 1 1 0 1 1 1 0 0 0 0 0 0 0 0 0 
1 3 3 3 1 1 1 3 1 1 1 0 0 0 0 0 0 0 
1 1 1 1 1 0 1 1 1 2 2 0 0 0 0 0 0 0 
0 2 0 0 0 0 0 0 0 0 0 0 0 0 0 0 0 0 
0 0 0 0 0 0 0 0 0 0 2 0 0 0 0 0 0 0 
0 0 0 0 0 0 0 0 0 0 2 0 0 0 0 0 0 0 
0 0 0 0 2 0 0 0 0 0 0 0 0 0 0 0 0 0 
0 0 0 0 2 0 0 0 0 0 0 0 0 0 0 0 0 0 
0 0 2 0 2 0 2 2 0 0 2 0 0 0 0 0 0 0 
0 0 0 0 2 0 0 0 0 0 2 0 0 0 0 0 0 0 
0 2 0 0 0 0 0 0 0 0 2 0 0 0 0 0 0 0 
0 0 0 0 0 0 0 0 0 0 0 0 0 0 0 0 0 0 
0 0 0 0 0 0 0 0 0 0 0 0 0 0 0 0 0 0 
0 0 0 0 0 0 0 0 0 0 0 0 0 0 0 0 0 0 
0 0 0 0 0 0 0 0 0 0 0 0 0 0 0 0 0 0 
0 0 0 0 0 0 0 0 0 0 0 0 0 0 0 0 0 0 
0 0 0 0 0 0 0 0 0 0 0 0 0 0 0 0 0 0 
0 0 0 0 0 0 0 0 0 0 0 0 0 0 0 0 0 0 
sb2:
t:1
l:1
1 7
l:0
6 0
l:1
0 9
l:1
0 2
t:2
l:2
9 3
9 4
l:2
8 1
9 1
l:2
6 7
5 7
t:3
l:0
0 0
1 0
2 0
l:3
9 7
9 8
9 9
t:4
l:4
3 5
3 6
3 7
3 8
