m:12
ms:15
bl:43
s1:17
s2:16
state:56
bm:2
lx:6
ly:2
d:0
s:-1
m1:
0 0 0 0 0 0 0 0 0 0 0 0 0 0 0 0 0 0 
0 0 0 0 0 0 0 1 0 0 0 0 0 0 0 1 0 0 
0 0 0 2 0 0 1 0 0 2 0 0 0 0 1 0 0 0 
0 0 0 2 0 0 0 0 0 2 0 0 0 1 0 2 0 0 
0 0 0 0 0 0 0 0 0 0 0 0 1 0 0 0 0 0 
0 2 0 0 0 0 0 0 0 0 0 1 2 2 2 2 0 0 
0 0 0 0 0 0 0 0 0 0 1 0 0 0 0 0 0 0 
0 0 0 0 0 0 0 0 0 1 0 0 0 0 0 0 0 0 
0 0 0 0 0 0 0 0 1 0 0 0 0 0 0 0 0 0 
0 0 0 0 0 0 0 1 0 0 0 0 0 0 0 0 0 0 
0 0 0 0 0 0 1 0 0 2 2 2 2 2 0 0 0 0 
0 0 0 4 4 1 0 0 0 0 0 0 0 0 0 0 0 0 
0 0 2 4 3 4 0 0 0 0 0 0 0 2 0 0 0 0 
0 0 2 4 4 4 2 0 0 0 0 0 0 2 0 0 0 0 
0 0 1 0 0 0 2 0 0 0 0 0 0 2 0 0 0 0 
0 1 2 0 0 0 2 0 0 0 0 0 0 0 0 0 0 0 
0 0 0 0 0 0 0 0 0 0 0 0 0 0 0 0 0 0 
0 0 0 0 0 0 0 0 0 0 0 0 0 0 0 0 0 0 
sb1:
t:1
l:1
0 4
l:0
3 11
l:1
14 2
l:1
1 14
t:2
l:2
8 1
8 2
l:2
2 1
2 2
l:2
1 11
1 12
t:3
l:3
5 12
5 13
5 14
l:3
12 11
12 12
12 13
t:4
l:4
11 4
12 4
13 4
14 4
t:5
l:5
12 9
11 9
10 9
9 9
8 9
m2:
0 0 0 0 0 0 0 0 0 0 0 0 0 0 0 0 0 0 
0 0 0 0 0 0 0 0 0 0 0 0 0 0 0 0 0 0 
0 0 0 2 0 0 0 0 0 2 0 0 0 0 0 0 0 0 
0 0 0 2 0 0 0 0 0 2 0 0 0 0 0 2 0 0 
0 0 0 0 0 0 0 0 0 0 0 0 0 0 0 0 0 0 
0 2 0 0 0 0 0 0 0 0 0 0 2 2 2 2 0 0 
0 0 0 0 0 0 0 0 0 0 0 0 0 0 0 0 0 0 
0 0 0 0 0 0 0 0 0 0 0 0 0 0 0 0 0 0 
0 0 0 1 1 1 0 1 0 0 0 0 0 0 0 0 0 0 
0 0 0 0 0 0 1 1 0 0 0 0 0 0 0 0 0 0 
0 0 0 0 0 1 1 0 0 2 2 2 2 2 0 0 0 0 
0 0 0 0 0 0 0 0 1 0 0 0 0 0 0 0 0 0 
0 0 2 0 2 0 0 0 0 0 0 1 0 3 0 0 0 0 
0 0 2 0 0 0 2 0 1 1 1 1 1 3 0 0 0 0 
0 0 0 0 0 0 2 0 0 0 0 0 0 2 0 0 0 0 
0 0 2 0 0 0 2 0 0 0 0 0 0 0 0 0 0 0 
0 0 0 0 0 0 0 0 0 0 0 0 0 0 0 0 0 0 
0 0 0 0 0 0 0 0 0 0 0 0 0 0 0 0 0 0 
sb2:
t:1
l:1
0 4
l:1
3 11
l:1
14 2
l:1
1 14
t:2
l:2
8 1
8 2
l:2
2 1
2 2
l:2
1 11
1 12
t:3
l:3
5 12
5 13
5 14
l:1
12 11
12 12
12 13
t:4
l:4
11 4
12 4
13 4
14 4
t:5
l:5
12 9
11 9
10 9
9 9
8 9
