m:11
ms:10
bl:43
s1:42
s2:44
state:58
m1:
0 0 0 1 1 1 1 1 1 1 1 0 0 0 0 0 0 0 
1 1 1 1 3 1 3 3 3 3 1 0 0 0 0 0 0 0 
1 3 3 1 1 1 1 1 1 1 1 0 0 0 0 0 0 0 
1 1 1 1 1 1 0 1 1 2 2 0 0 0 0 0 0 0 
0 1 0 1 1 1 1 1 0 0 1 0 0 0 0 0 0 0 
0 0 0 1 0 1 3 1 1 1 0 0 0 0 0 0 0 0 
0 1 1 1 1 1 1 1 3 1 1 0 0 0 0 0 0 0 
0 1 3 3 3 1 1 1 1 1 1 0 0 0 0 0 0 0 
0 1 1 1 1 1 1 3 3 1 0 0 0 0 0 0 0 0 
0 1 3 1 0 1 1 1 1 1 0 0 0 0 0 0 0 0 
0 1 1 1 1 1 3 3 3 1 0 0 0 0 0 0 0 0 
0 0 0 0 0 1 1 1 1 1 0 0 0 0 0 0 0 0 
0 0 0 0 0 0 0 0 0 0 0 0 0 0 0 0 0 0 
0 0 0 0 0 0 0 0 0 0 0 0 0 0 0 0 0 0 
0 0 0 0 0 0 0 0 0 0 0 0 0 0 0 0 0 0 
0 0 0 0 0 0 0 0 0 0 0 0 0 0 0 0 0 0 
0 0 0 0 0 0 0 0 0 0 0 0 0 0 0 0 0 0 
0 0 0 0 0 0 0 0 0 0 0 0 0 0 0 0 0 0 
sb1:
t:1
l:0
1 8
l:0
7 5
l:0
3 0
l:0
5 4
t:2
l:0
1 1
0 1
l:0
7 7
6 7
l:2
8 2
9 2
t:3
l:0
3 6
2 6
1 6
l:0
5 9
6 9
7 9
t:4
l:0
8 0
7 0
6 0
5 0
m2:
0 0 0 0 0 0 1 1 1 1 1 1 0 0 0 0 0 0 
1 1 1 0 1 0 1 3 1 1 3 1 0 0 0 0 0 0 
1 3 1 1 0 0 1 3 1 1 3 1 0 0 0 0 0 0 
1 1 1 0 0 1 1 3 1 1 1 1 0 0 0 0 0 0 
0 1 1 1 1 1 1 1 1 2 0 0 0 0 0 0 0 0 
0 1 3 3 3 1 1 0 1 1 1 0 0 0 0 0 0 0 
0 1 1 1 1 1 1 0 1 3 1 0 0 0 0 0 0 0 
0 1 0 1 3 3 1 1 1 1 1 0 0 0 0 0 0 0 
0 0 1 1 1 1 1 1 2 2 0 0 0 0 0 0 0 0 
1 1 1 1 1 1 1 1 1 0 0 0 0 0 0 0 0 0 
1 3 1 1 3 3 3 3 1 0 0 0 0 0 0 0 0 0 
1 1 1 1 1 1 1 1 1 0 0 0 0 0 0 0 0 0 
0 0 0 0 0 0 0 0 0 0 0 0 0 0 0 0 0 0 
0 0 0 0 0 0 0 0 0 0 0 0 0 0 0 0 0 0 
0 0 0 0 0 0 0 0 0 0 0 0 0 0 0 0 0 0 
0 0 0 0 0 0 0 0 0 0 0 0 0 0 0 0 0 0 
0 0 0 0 0 0 0 0 0 0 0 0 0 0 0 0 0 0 
0 0 0 0 0 0 0 0 0 0 0 0 0 0 0 0 0 0 
sb2:
t:1
l:0
0 1
l:0
0 9
l:0
8 5
l:1
8 3
t:2
l:2
8 7
7 7
l:0
3 6
4 6
l:0
9 0
9 1
t:3
l:0
1 4
2 4
3 4
l:0
6 0
6 1
6 2
t:4
l:0
3 9
4 9
5 9
6 9
