m:11
ms:10
bl:42
s1:29
s2:32
state:59
lx1:7
lx2:7
ly1:1
ly2:4
d1:0
d2:1
s1:2
s2:2
m1:
0 0 0 0 0 0 0 0 0 0 0 0 0 0 0 0 0 0 
0 0 1 1 1 1 1 1 0 2 0 0 0 0 0 0 0 0 
0 1 1 3 3 3 3 1 0 0 0 0 0 0 0 0 0 0 
0 0 1 1 1 1 1 1 0 0 0 0 0 0 0 0 0 0 
0 1 1 1 1 1 1 1 2 2 0 0 0 0 0 0 0 0 
0 0 0 0 0 2 0 0 0 0 0 0 0 0 0 0 0 0 
0 1 1 1 1 3 1 3 0 2 0 0 0 0 0 0 0 0 
1 1 1 0 0 0 0 2 0 0 0 0 0 0 0 0 0 0 
1 3 1 3 1 1 1 3 0 0 2 0 0 0 0 0 0 0 
1 1 1 2 0 1 1 1 0 0 2 0 0 0 0 0 0 0 
0 1 1 3 1 1 3 1 0 0 0 0 0 0 0 0 0 0 
0 0 0 0 0 1 1 1 0 0 0 0 0 0 0 0 0 0 
0 0 0 0 0 0 0 0 0 0 0 0 0 0 0 0 0 0 
0 0 0 0 0 0 0 0 0 0 0 0 0 0 0 0 0 0 
0 0 0 0 0 0 0 0 0 0 0 0 0 0 0 0 0 0 
0 0 0 0 0 0 0 0 0 0 0 0 0 0 0 0 0 0 
0 0 0 0 0 0 0 0 0 0 0 0 0 0 0 0 0 0 
0 0 0 0 0 0 0 0 0 0 0 0 0 0 0 0 0 0 
sb1:
t:1
l:0
5 9
l:1
8 5
l:1
8 0
l:0
0 7
t:2
l:2
8 3
7 3
l:2
9 7
9 8
l:1
4 4
4 5
t:3
l:1
2 7
2 8
2 9
l:1
6 5
6 6
6 7
t:4
l:0
5 1
4 1
3 1
2 1
m2:
0 0 1 1 1 1 1 0 0 0 0 0 0 0 0 0 0 0 
0 1 1 3 3 3 1 1 0 2 0 0 0 0 0 0 0 0 
0 2 1 1 1 1 1 0 0 2 0 0 0 0 0 0 0 0 
0 1 1 1 3 1 1 0 0 0 0 0 0 0 0 0 0 0 
0 0 2 1 1 1 0 0 0 0 0 0 0 0 0 0 0 0 
0 1 1 1 1 1 3 2 2 0 0 0 0 0 0 0 0 0 
0 0 0 0 2 0 0 0 0 0 0 0 0 0 0 0 0 0 
0 3 1 1 3 1 1 0 0 0 0 0 0 0 0 0 0 0 
0 2 0 0 2 0 0 0 0 2 0 0 0 0 0 0 0 0 
0 1 1 1 3 1 1 2 0 2 0 0 0 0 0 0 0 0 
0 0 0 0 0 0 0 0 0 0 0 0 0 0 0 0 0 0 
0 0 0 0 0 0 0 0 0 0 0 0 0 0 0 0 0 0 
0 0 0 0 0 0 0 0 0 0 0 0 0 0 0 0 0 0 
0 0 0 0 0 0 0 0 0 0 0 0 0 0 0 0 0 0 
0 0 0 0 0 0 0 0 0 0 0 0 0 0 0 0 0 0 
0 0 0 0 0 0 0 0 0 0 0 0 0 0 0 0 0 0 
0 0 0 0 0 0 0 0 0 0 0 0 0 0 0 0 0 0 
0 0 0 0 0 0 0 0 0 0 0 0 0 0 0 0 0 0 
sb2:
t:1
l:1
6 8
l:1
1 3
l:1
0 1
l:0
3 2
t:2
l:2
8 0
8 1
l:2
8 7
8 8
l:1
0 6
0 7
t:3
l:2
7 4
6 4
5 4
l:0
4 0
3 0
2 0
t:4
l:2
3 5
3 6
3 7
3 8
