m:12
ms:15
bl:42
s1:15
s2:17
state:56
lx:2
ly:14
d:0
s:2
m1:
0 0 0 0 0 0 0 0 0 0 0 0 0 0 0 0 0 0 
0 1 4 4 4 4 0 0 0 0 0 0 0 0 0 0 0 0 
0 4 3 3 3 4 0 0 0 0 0 0 0 0 0 0 0 0 
0 1 4 4 4 4 0 0 0 0 0 0 0 0 0 0 0 0 
0 0 1 0 0 0 0 0 0 0 0 0 0 0 2 0 0 0 
0 1 0 0 0 0 0 0 0 2 2 0 0 0 0 0 0 0 
0 0 1 0 0 0 0 0 0 0 0 0 0 2 0 0 0 0 
0 1 0 2 0 0 0 0 0 0 0 0 0 2 0 0 0 0 
0 0 1 0 0 0 2 0 0 0 0 0 0 2 0 0 0 0 
0 1 0 0 0 0 0 0 0 2 2 0 0 2 0 0 0 0 
0 0 1 0 0 0 0 0 0 0 0 0 0 0 0 0 0 0 
0 1 0 0 0 0 0 0 0 0 0 0 0 0 0 0 0 0 
0 0 1 0 0 0 2 0 0 0 0 0 0 0 0 0 0 0 
0 1 0 0 2 0 0 0 0 0 2 2 0 0 0 0 0 0 
0 0 1 0 2 0 0 0 0 0 0 0 0 0 0 0 0 0 
0 1 0 0 2 0 2 2 2 2 2 0 0 0 0 0 0 0 
0 0 0 0 0 0 0 0 0 0 0 0 0 0 0 0 0 0 
0 0 0 0 0 0 0 0 0 0 0 0 0 0 0 0 0 0 
sb1:
t:1
l:1
13 3
l:1
5 7
l:1
5 11
l:1
2 6
t:2
l:2
10 12
9 12
l:2
8 4
9 4
l:2
8 8
9 8
t:3
l:3
3 12
3 13
3 14
l:0
1 1
2 1
3 1
t:4
l:4
12 5
12 6
12 7
12 8
t:5
l:5
5 14
6 14
7 14
8 14
9 14
m2:
0 0 0 0 0 0 0 0 0 0 0 0 0 0 0 0 0 0 
0 1 1 1 1 1 1 1 1 1 1 1 1 3 1 1 0 0 
0 0 0 0 0 0 2 2 0 0 2 0 0 2 0 0 0 0 
0 0 0 0 0 0 0 0 0 0 2 0 0 0 0 0 0 0 
0 0 0 0 0 0 2 2 2 0 2 0 0 0 0 0 0 0 
0 0 2 0 0 0 0 0 0 0 2 0 0 0 0 0 0 0 
0 0 0 0 0 0 0 0 0 0 0 0 0 0 0 0 0 0 
0 0 0 0 0 0 2 0 0 0 0 0 0 0 0 0 0 0 
0 0 0 0 0 0 2 0 0 0 0 0 0 0 0 0 0 0 
0 0 0 0 2 0 2 0 0 0 2 0 0 0 0 0 0 0 
0 0 0 0 0 0 0 0 0 0 2 0 0 0 0 0 0 0 
0 0 0 0 0 0 0 0 0 0 2 0 0 0 0 0 0 0 
0 0 2 0 0 0 0 2 0 0 2 0 0 0 0 0 0 0 
0 0 0 0 0 0 0 2 0 0 2 0 0 0 0 0 0 0 
0 0 2 0 0 0 0 0 0 0 0 0 0 0 0 0 0 0 
0 0 0 0 0 0 0 0 0 0 0 0 0 0 0 0 0 0 
0 0 0 0 0 0 0 0 0 0 0 0 0 0 0 0 0 0 
0 0 0 0 0 0 0 0 0 0 0 0 0 0 0 0 0 0 
sb2:
t:1
l:1
1 13
l:1
3 8
l:1
1 4
l:1
1 11
t:2
l:1
12 0
12 1
l:2
6 1
5 1
l:2
6 11
6 12
t:3
l:3
5 6
5 7
5 8
l:3
7 3
6 3
5 3
t:4
l:4
9 1
9 2
9 3
9 4
t:5
l:5
9 8
9 9
9 10
9 11
9 12
