m:12
ms:10
bl:42
s1:8
s2:10
state:56
lx:4
ly:7
d:1
s:3
m1:
0 0 0 0 0 0 0 0 0 0 0 0 0 0 0 0 0 0 
0 1 4 4 0 0 0 0 0 0 0 0 0 0 0 0 0 0 
0 4 3 4 2 0 0 0 0 2 0 0 0 0 0 0 0 0 
0 4 4 4 0 0 0 0 0 2 0 0 0 0 0 0 0 0 
0 1 4 4 2 2 0 0 0 2 0 0 0 0 0 0 0 0 
0 4 3 4 0 0 0 0 0 0 0 0 0 0 0 0 0 0 
0 4 4 4 0 0 0 0 0 0 0 0 0 0 0 0 0 0 
0 3 2 2 1 0 2 2 0 2 2 0 0 0 0 0 0 0 
0 0 1 0 0 0 0 0 0 0 0 0 0 0 0 0 0 0 
4 4 4 1 0 0 0 2 2 2 2 0 0 0 0 0 0 0 
4 3 4 0 1 0 0 0 0 0 0 0 0 0 0 0 0 0 
4 4 4 0 0 0 0 0 0 0 0 0 0 0 0 0 0 0 
0 0 0 0 0 0 0 0 0 0 0 0 0 0 0 0 0 0 
0 0 0 0 0 0 0 0 0 0 0 0 0 0 0 0 0 0 
0 0 0 0 0 0 0 0 0 0 0 0 0 0 0 0 0 0 
0 0 0 0 0 0 0 0 0 0 0 0 0 0 0 0 0 0 
0 0 0 0 0 0 0 0 0 0 0 0 0 0 0 0 0 0 
0 0 0 0 0 0 0 0 0 0 0 0 0 0 0 0 0 0 
sb1:
t:1
l:1
3 1
l:0
0 9
l:0
1 1
l:0
1 4
t:2
l:2
4 3
3 3
l:2
5 6
6 6
l:2
8 6
9 6
t:3
l:3
8 1
8 2
8 3
l:2
0 6
1 6
2 6
t:4
l:4
6 8
7 8
8 8
9 8
m2:
0 0 0 0 0 0 0 0 0 0 0 0 0 0 0 0 0 0 
0 0 0 0 0 0 0 0 0 0 0 0 0 0 0 0 0 0 
0 2 0 0 0 0 2 0 0 0 2 0 0 0 0 0 0 0 
0 0 0 0 0 0 2 0 0 0 0 0 0 0 0 0 0 0 
0 0 0 0 0 0 2 0 0 2 2 0 0 0 0 0 0 0 
0 2 2 2 0 0 2 0 0 0 0 0 0 0 0 0 0 0 
0 0 0 0 0 0 0 0 2 2 2 0 0 0 0 0 0 0 
0 3 2 1 3 1 1 1 0 1 1 0 0 0 0 0 0 0 
0 0 0 0 2 0 0 0 0 0 0 0 0 0 0 0 0 0 
0 0 0 0 0 0 0 2 0 0 0 0 0 0 0 0 0 0 
0 2 0 0 0 0 0 0 0 0 0 0 0 0 0 0 0 0 
0 0 0 0 0 0 0 0 0 0 0 0 0 0 0 0 0 0 
0 0 0 0 0 0 0 0 0 0 0 0 0 0 0 0 0 0 
0 0 0 0 0 0 0 0 0 0 0 0 0 0 0 0 0 0 
0 0 0 0 0 0 0 0 0 0 0 0 0 0 0 0 0 0 
0 0 0 0 0 0 0 0 0 0 0 0 0 0 0 0 0 0 
0 0 0 0 0 0 0 0 0 0 0 0 0 0 0 0 0 0 
0 0 0 0 0 0 0 0 0 0 0 0 0 0 0 0 0 0 
sb2:
t:1
l:1
6 8
l:1
0 1
l:1
9 1
l:1
0 9
t:2
l:1
1 6
0 6
l:1
3 6
3 7
l:2
8 3
9 3
t:3
l:3
9 5
8 5
7 5
l:3
0 4
1 4
2 4
t:4
l:4
5 1
5 2
5 3
5 4
