m:12
ms:10
bl:42
s1:6
s2:7
state:56
lx:5
ly:3
d:0
s:7
m1:
0 0 0 0 0 0 0 0 0 0 0 0 0 0 0 0 0 0 
0 1 0 2 0 0 0 0 2 0 0 0 0 0 0 0 0 0 
0 0 0 3 0 0 0 0 2 0 2 0 0 0 0 0 0 0 
0 2 0 0 0 1 0 0 2 0 0 0 0 0 0 0 0 0 
0 2 0 0 0 0 0 0 0 0 0 0 0 0 0 0 0 0 
0 0 1 2 0 0 0 2 0 0 0 0 0 0 0 0 0 0 
0 0 0 0 1 0 0 0 0 0 0 0 0 0 0 0 0 0 
0 0 2 0 0 2 2 2 0 0 0 0 0 0 0 0 0 0 
0 1 2 0 0 0 0 0 0 0 0 0 0 0 0 0 0 0 
0 0 2 1 0 0 0 0 0 0 0 0 0 0 0 0 0 0 
0 0 2 0 0 2 2 0 0 2 0 0 0 0 0 0 0 0 
0 0 0 0 0 0 0 0 0 0 0 0 0 0 0 0 0 0 
0 0 0 0 0 0 0 0 0 0 0 0 0 0 0 0 0 0 
0 0 0 0 0 0 0 0 0 0 0 0 0 0 0 0 0 0 
0 0 0 0 0 0 0 0 0 0 0 0 0 0 0 0 0 0 
0 0 0 0 0 0 0 0 0 0 0 0 0 0 0 0 0 0 
0 0 0 0 0 0 0 0 0 0 0 0 0 0 0 0 0 0 
0 0 0 0 0 0 0 0 0 0 0 0 0 0 0 0 0 0 
sb1:
t:1
l:1
8 9
l:1
2 4
l:1
9 1
l:1
6 4
t:2
l:2
0 2
0 3
l:2
4 9
5 9
l:1
2 0
2 1
t:3
l:3
4 6
5 6
6 6
l:3
7 0
7 1
7 2
t:4
l:4
1 6
1 7
1 8
1 9
m2:
0 0 0 0 0 0 0 0 0 0 0 0 0 0 0 0 0 0 
0 0 2 0 0 0 2 0 0 0 0 0 0 0 0 0 0 0 
0 0 0 0 2 0 2 0 0 0 0 0 0 0 0 0 0 0 
0 0 0 0 1 1 2 0 0 0 0 0 0 0 0 0 0 0 
0 0 0 0 0 1 2 0 2 0 0 0 0 0 0 0 0 0 
0 2 0 0 0 1 1 0 0 0 0 0 0 0 0 0 0 0 
0 2 0 0 0 0 1 2 2 2 0 0 0 0 0 0 0 0 
0 0 0 0 2 0 0 0 0 0 0 0 0 0 0 0 0 0 
0 0 0 0 2 0 0 0 0 0 0 0 0 0 0 0 0 0 
0 2 0 0 0 0 0 0 0 0 0 0 0 0 0 0 0 0 
0 2 0 0 2 2 2 0 0 2 0 0 0 0 0 0 0 0 
0 0 0 0 0 0 0 0 0 0 0 0 0 0 0 0 0 0 
0 0 0 0 0 0 0 0 0 0 0 0 0 0 0 0 0 0 
0 0 0 0 0 0 0 0 0 0 0 0 0 0 0 0 0 0 
0 0 0 0 0 0 0 0 0 0 0 0 0 0 0 0 0 0 
0 0 0 0 0 0 0 0 0 0 0 0 0 0 0 0 0 0 
0 0 0 0 0 0 0 0 0 0 0 0 0 0 0 0 0 0 
0 0 0 0 0 0 0 0 0 0 0 0 0 0 0 0 0 0 
sb2:
t:1
l:1
3 1
l:1
7 3
l:1
8 9
l:1
1 0
t:2
l:2
0 8
0 9
l:2
0 4
0 5
l:2
3 6
3 7
t:3
l:3
8 5
7 5
6 5
l:3
5 9
4 9
3 9
t:4
l:4
5 0
5 1
5 2
5 3
